8277
63
93
0
40
62;23;0;;48;65;67;63;9;96;82;11;60;19;20;20;19;4;69;86;93;18;54;30;56;47;42;54;52;74;50;69;93;42;10;47;98;96;24;33;25;24;73;38;6;55;70;81;9;76;8;35;54;14;17;45;88;12;93;98;58;20;49;50;57;3;13;11;58;65;7;35;77;39;
32;24;0;;49;64;70;18;15;13;45;47;85;51;95;24;39;18;43;76;79;29;82;30;12;98;80;17;30;88;73;62;65;51;54;49;4;53;30;49;53;44;44;60;60;35;39;67;21;25;16;71;4;38;
94;8;0;;69;4;36;73;76;26;93;92;49;25;3;65;58;63;56;73;
81;12;0;;32;90;54;91;44;
62;11;0;;12;22;51;2;64;68;78;35;82;85;51;25;91;70;49;69;62;67;91;38;74;90;27;20;8;6;32;87;80;55;54;8;46;59;20;3;19;92;70;49;84;61;7;81;38;13;99;61;38;61;53;9;84;70;59;31;5;25;43;36;47;17;75;42;22;29;95;92;90;72;77;4;25;14;43;98;84;67;93;9;44;40;
34;25;0;;64;12;65;52;98;34;72;83;98;77;76;17;94;31;27;71;21;63;9;45;93;72;39;67;95;39;56;5;2;80;9;77;10;44;74;15;61;35;87;50;17;88;10;52;60;83;89;67;91;78;35;21;13;47;61;34;77;50;91;9;32;27;35;93;61;12;94;77;25;22;85;99;11;62;93;18;20;68;80;49;34;93;
12;2;0;;87;29;73;35;48;67;96;54;9;45;70;52;39;80;57;17;69;49;33;89;67;19;86;79;57;44;70;28;48;47;75;36;14;46;67;24;44;37;77;98;14;85;95;23;71;12;73;
85;21;0;;66;84;35;93;34;43;21;93;45;79;48;82;14;73;78;97;7;17;98;35;27;21;26;41;86;91;94;10;84;15;34;47;87;28;24;44;83;93;74;36;46;28;48;14;93;1;72;86;51;88;96;72;89;13;7;45;84;8;90;15;52;11;32;97;90;94;91;45;
70;15;0;;81;45;41;41;83;74;73;34;6;72;94;62;51;33;71;66;58;47;64;28;51;25;55;70;66;5;72;99;17;21;36;15;24;4;83;11;85;61;24;36;59;82;80;76;15;89;38;96;82;92;3;75;8;44;61;67;54;75;16;48;32;17;34;53;33;69;35;18;58;49;81;43;92;3;83;81;92;59;11;75;31;66;5;94;74;44;54;94;93;82;83;52;9;11;39;84;65;42;
43;22;0;;14;29;90;45;64;64;91;81;10;26;
